RAND10 ----------------
--------------------------------
Resultado Busqueda: 
Desviación general (Tasa_C): 0.757315
Infeasability (Tasa_inf): 0
Agregado: 0.757315
Tiempo: 0.006481
Clusters: 
Cluster 1
110 113 131 123 129 148 105 134 108 130 142 120 104 112 141 117 115 100 121 135 116 144 119 136 118 127 137 133 124 106 103 147 114 143 107 138 128 132 125 109 102 140 111 149 146 139 122 126 145 101 
Cluster 2
59 81 58 57 99 52 90 50 83 84 88 76 94 89 97 74 63 62 60 53 80 93 96 91 86 70 79 51 85 98 61 95 56 77 54 73 68 78 66 72 92 55 71 67 87 82 64 75 69 65 
Cluster 3
32 27 18 35 25 8 1 38 41 19 7 44 11 26 0 29 37 5 48 14 45 10 17 46 40 31 20 13 30 12 39 33 47 4 42 34 23 22 49 3 24 6 15 21 36 28 16 9 2 43 
--------------------------------
--------------------------------
Resultado Busqueda: 
Desviación general (Tasa_C): 0.757315
Infeasability (Tasa_inf): 0
Agregado: 0.757315
Tiempo: 0.003058
Clusters: 
Cluster 1
96 92 61 69 64 72 50 79 52 91 56 90 84 94 85 77 57 53 59 95 67 70 86 76 71 83 99 93 97 74 68 98 88 87 63 75 58 89 55 51 54 78 73 66 65 62 60 82 81 80 
Cluster 2
34 13 46 31 19 32 38 4 10 28 2 37 24 6 49 12 17 7 39 25 15 9 14 36 29 1 22 0 30 16 8 3 48 40 33 35 43 45 44 18 5 23 11 41 26 27 20 42 47 21 
Cluster 3
102 120 117 145 104 121 122 142 133 112 106 107 136 124 108 141 135 118 123 139 137 143 110 128 100 116 109 132 126 144 149 125 148 103 147 114 105 101 138 111 127 115 113 130 140 131 129 134 146 119 
--------------------------------
--------------------------------
Resultado Busqueda: 
Desviación general (Tasa_C): 0.757315
Infeasability (Tasa_inf): 0
Agregado: 0.757315
Tiempo: 0.005216
Clusters: 
Cluster 1
10 36 45 40 41 13 22 49 21 29 12 16 48 18 14 25 42 15 44 6 0 28 27 30 9 20 1 35 19 7 33 2 26 34 17 8 24 43 23 47 11 32 39 37 46 31 3 38 5 4 
Cluster 2
91 83 99 54 78 69 52 55 50 73 61 70 76 66 93 58 53 51 67 56 86 84 87 74 85 94 95 62 98 97 60 92 75 77 68 79 57 63 59 80 72 81 64 89 82 71 90 88 65 96 
Cluster 3
112 105 144 142 101 102 113 132 139 117 134 108 129 123 149 146 104 122 148 126 103 115 109 143 131 140 114 119 107 121 145 106 133 127 125 138 100 111 141 136 137 124 110 135 120 147 118 130 128 116 
--------------------------------
--------------------------------
Resultado Busqueda: 
Desviación general (Tasa_C): 0.757315
Infeasability (Tasa_inf): 0
Agregado: 0.757315
Tiempo: 0.005526
Clusters: 
Cluster 1
40 14 16 34 3 2 23 45 32 47 8 27 31 7 4 17 11 13 10 35 30 43 46 18 49 42 20 6 29 33 5 38 28 25 0 39 21 12 22 44 9 1 37 41 36 26 48 24 19 15 
Cluster 2
67 88 59 83 87 57 96 85 64 89 68 90 80 75 70 65 99 62 92 52 60 66 71 95 84 51 93 72 86 69 91 53 56 54 82 63 97 58 61 94 74 98 78 55 77 76 81 79 73 50 
Cluster 3
104 146 124 138 125 148 115 114 117 119 136 135 144 112 107 116 111 147 126 113 110 127 139 132 100 123 137 106 120 102 108 121 109 134 130 141 118 140 131 143 128 129 133 103 142 101 149 145 105 122 
--------------------------------
--------------------------------
Resultado Busqueda: 
Desviación general (Tasa_C): 0.757315
Infeasability (Tasa_inf): 0
Agregado: 0.757315
Tiempo: 0.005033
Clusters: 
Cluster 1
80 73 89 96 77 62 61 83 76 64 78 72 50 74 55 79 58 63 90 97 66 59 75 56 60 85 95 70 87 54 57 86 92 98 94 65 53 82 93 67 88 81 68 84 91 99 51 71 52 69 
Cluster 2
102 137 130 118 144 109 140 107 116 145 134 146 115 133 143 114 105 125 117 124 101 112 120 108 104 139 111 100 122 149 148 110 103 128 141 106 132 123 119 113 138 147 136 142 121 126 131 127 129 135 
Cluster 3
1 36 39 48 9 7 18 6 22 45 26 25 21 37 5 15 19 13 14 27 34 10 3 20 49 30 16 44 12 32 23 33 2 47 35 0 17 46 40 24 11 43 4 28 8 42 29 41 38 31 
--------------------------------
IRIS10 ----------------
--------------------------------
Resultado Busqueda: 
Desviación general (Tasa_C): 0.680042
Infeasability (Tasa_inf): 20
Agregado: 0.806904
Tiempo: 0.006991
Clusters: 
Cluster 1
113 59 81 58 57 99 52 90 112 50 83 84 88 76 94 89 97 74 63 62 60 53 80 93 96 91 86 70 79 51 85 98 61 95 56 77 54 73 68 78 66 72 92 55 71 67 87 82 64 75 69 65 
Cluster 2
110 131 123 129 148 105 134 108 130 142 120 104 141 117 115 100 121 135 116 144 119 136 118 127 137 133 124 106 103 147 114 143 107 138 128 132 125 109 102 140 111 149 146 139 122 126 145 101 
Cluster 3
32 27 18 35 25 8 1 38 41 19 7 44 11 26 0 29 37 5 48 14 45 10 17 46 40 31 20 13 30 12 39 33 47 4 42 34 23 22 49 3 24 6 15 21 36 28 16 9 2 43 
--------------------------------
--------------------------------
Resultado Busqueda: 
Desviación general (Tasa_C): 0.667965
Infeasability (Tasa_inf): 38
Agregado: 0.909001
Tiempo: 0.008348
Clusters: 
Cluster 1
76 123 146 112 128 141 113 145 144 148 134 135 117 118 115 120 130 102 143 104 127 136 140 110 124 132 125 139 114 147 107 109 133 122 129 103 101 121 131 116 149 111 100 105 119 108 106 142 137 
Cluster 2
138 92 126 61 78 67 69 75 57 50 83 54 90 74 89 84 51 68 79 98 52 85 64 73 62 80 82 93 56 86 99 88 95 94 77 59 60 70 66 55 91 53 63 96 97 58 71 81 65 87 72 
Cluster 3
29 1 12 35 46 33 43 15 24 0 2 6 9 45 17 20 27 14 41 13 8 7 21 4 26 39 44 47 37 38 11 23 10 18 30 32 28 3 25 31 48 49 36 19 42 5 22 16 34 40 
--------------------------------
--------------------------------
Resultado Busqueda: 
Desviación general (Tasa_C): 0.742101
Infeasability (Tasa_inf): 128
Agregado: 1.55401
Tiempo: 0.008438
Clusters: 
Cluster 1
83 112 105 52 55 102 132 50 73 61 139 117 134 108 129 51 67 86 149 84 146 104 87 122 148 126 103 115 95 109 143 131 140 114 98 92 119 107 77 121 57 145 106 133 127 125 138 100 111 141 136 124 110 135 120 147 118 130 128 116 
Cluster 2
10 36 45 40 41 13 22 49 21 29 12 16 48 18 14 25 42 15 44 6 0 28 27 30 9 20 1 35 19 7 33 2 26 34 17 8 24 43 23 47 11 32 39 37 46 31 3 38 5 4 
Cluster 3
91 99 54 78 144 69 142 101 113 70 76 66 93 58 53 56 123 74 85 94 62 97 60 75 68 79 63 59 80 72 81 64 89 82 137 71 90 88 65 96 
--------------------------------
--------------------------------
Resultado Busqueda: 
Desviación general (Tasa_C): 0.668766
Infeasability (Tasa_inf): 11
Agregado: 0.738539
Tiempo: 0.006315
Clusters: 
Cluster 1
40 14 16 34 3 2 23 45 32 47 8 27 31 7 4 17 11 13 10 35 30 43 46 18 49 42 20 6 29 33 5 38 28 25 0 39 21 12 22 44 9 1 37 41 36 26 48 24 19 15 
Cluster 2
104 146 124 125 148 115 114 117 119 136 135 144 112 107 116 111 147 126 113 110 127 139 132 100 123 137 106 120 102 108 121 109 134 130 141 118 140 131 143 128 129 133 103 142 101 149 145 105 122 
Cluster 3
67 88 59 138 83 87 57 96 85 64 89 68 90 80 75 70 65 99 62 92 52 60 66 71 95 84 51 93 72 86 69 91 53 56 54 82 63 97 58 61 94 74 98 78 55 77 76 81 79 73 50 
--------------------------------
--------------------------------
Resultado Busqueda: 
Desviación general (Tasa_C): 0.669305
Infeasability (Tasa_inf): 0
Agregado: 0.669305
Tiempo: 0.004124
Clusters: 
Cluster 1
1 36 39 48 9 7 18 6 22 45 26 25 21 37 5 15 19 13 14 27 34 10 3 20 49 30 16 44 12 32 23 33 2 47 35 0 17 46 40 24 11 43 4 28 8 42 29 41 38 31 
Cluster 2
80 73 89 96 77 62 61 83 76 64 78 72 50 74 55 79 58 63 90 97 66 59 75 56 60 85 95 70 87 54 57 86 92 98 94 65 53 82 93 67 88 81 68 84 91 99 51 71 52 69 
Cluster 3
102 137 130 118 144 109 140 107 116 145 134 146 115 133 143 114 105 125 117 124 101 112 120 108 104 139 111 100 122 149 148 110 103 128 141 106 132 123 119 113 138 147 136 142 121 126 131 127 129 135 
--------------------------------
ECOLI10 ----------------
--------------------------------
Resultado Busqueda: 
Desviación general (Tasa_C): 36.5282
Infeasability (Tasa_inf): 137
Agregado: 40.2039
Tiempo: 0.232634
Clusters: 
Cluster 1
243 234 244 235 156 223 225 252 250 232 254 204 164 237 255 258 239 236 238 248 233 242 245 226 224 246 256 241 
Cluster 2
131 123 81 57 99 105 1 108 38 130 44 90 142 120 104 26 0 112 50 29 88 115 100 62 10 118 40 91 31 86 70 114 51 85 98 13 107 95 12 33 77 138 128 54 73 68 78 23 102 140 72 111 3 24 139 67 21 36 28 16 82 75 69 2 42 74 129 80 18 119 6 14 113 22 135 64 136 25 134 9 60 37 106 125 11 27 55 132 76 66 126 43 71 84 83 116 5 20 32 109 133 41 110 59 89 79 45 47 117 46 48 17 103 101 7 141 137 93 124 15 35 96 34 19 122 49 92 39 4 53 30 127 97 121 63 87 52 65 58 56 61 94 8 
Cluster 3
253 281 249 331 220 247 283 240 271 333 229 257 280 
Cluster 4
266 277 262 278 265 260 302 270 282 272 259 275 268 273 276 261 263 269 267 
Cluster 5
251 230 161 214 191 285 324 150 274 197 187 211 170 181 183 189 169 159 143 182 158 210 206 199 149 146 175 193 215 213 217 148 185 177 208 196 174 154 176 155 165 212 207 203 145 178 202 160 144 162 180 168 205 218 166 216 151 163 157 147 198 194 190 209 173 179 152 184 200 192 153 171 188 201 172 167 
Cluster 6
327 295 318 309 308 315 301 299 292 322 326 328 284 287 297 305 300 303 314 310 313 296 316 330 294 321 291 325 298 286 304 334 307 320 290 
Cluster 7
264 293 317 186 332 231 279 221 227 
Cluster 8
219 319 195 311 306 329 312 289 222 335 228 323 288 
--------------------------------
--------------------------------
Resultado Busqueda: 
Desviación general (Tasa_C): 35.9914
Infeasability (Tasa_inf): 99
Agregado: 38.6476
Tiempo: 0.110282
Clusters: 
Cluster 1
202 247 208 46 146 185 163 209 203 145 186 169 190 157 167 148 170 211 188 156 173 143 159 195 151 212 207 192 165 183 215 200 187 153 201 210 149 176 182 194 189 152 158 199 172 147 198 175 181 204 216 206 214 218 162 197 160 180 177 171 161 178 193 179 168 196 217 219 155 144 166 150 164 191 184 154 213 
Cluster 2
303 297 273 334 294 308 309 331 323 286 296 329 315 318 305 299 322 289 328 287 316 284 320 298 327 332 326 312 330 290 317 314 311 307 306 321 
Cluster 3
229 235 231 254 225 205 232 224 237 244 256 250 258 245 226 255 249 242 246 238 236 243 239 248 234 253 241 251 227 
Cluster 4
76 29 92 12 123 69 128 24 83 90 6 134 51 117 118 8 7 79 21 85 127 4 136 39 140 124 38 11 125 80 93 30 56 28 3 86 99 88 94 77 109 66 55 91 122 31 121 131 63 97 5 71 87 34 72 106 137 43 74 47 133 89 50 130 40 138 111 48 0 20 23 82 119 37 96 49 120 81 19 75 115 18 129 114 14 10 102 61 135 62 16 70 103 57 17 35 2 98 73 27 32 9 26 13 44 141 112 53 101 107 126 64 142 67 22 45 116 84 65 110 25 108 68 42 15 36 33 100 58 41 54 59 78 95 60 52 132 1 139 105 113 104 
Cluster 5
260 267 270 291 302 263 269 264 271 259 272 265 278 262 268 276 261 266 277 
Cluster 6
325 310 319 324 300 292 301 293 304 313 223 283 285 295 335 288 
Cluster 7
230 174 333 257 233 220 221 252 
Cluster 8
280 240 228 282 275 279 222 274 281 
--------------------------------
--------------------------------
Resultado Busqueda: 
Desviación general (Tasa_C): 37.0171
Infeasability (Tasa_inf): 108
Agregado: 39.9147
Tiempo: 0.25272
Clusters: 
Cluster 1
269 272 271 270 283 266 263 278 262 267 265 259 275 277 261 260 268 276 273 264 
Cluster 2
161 247 214 204 217 274 223 153 164 157 
Cluster 3
22 299 316 284 330 303 311 304 290 310 332 323 334 313 300 317 321 322 307 294 320 301 331 286 291 302 326 298 296 324 318 305 333 289 325 295 287 308 292 306 319 297 327 329 309 328 335 293 312 285 288 315 
Cluster 4
91 83 99 41 54 105 13 52 49 142 12 73 48 61 139 134 108 14 93 25 51 84 104 15 44 87 6 0 27 85 30 126 94 103 20 131 1 35 140 114 33 98 60 119 34 107 24 77 68 23 57 133 125 47 11 138 100 111 136 80 81 82 137 90 124 88 38 5 118 4 128 75 86 9 106 97 101 40 2 3 89 29 10 121 116 42 18 115 21 96 43 59 71 39 76 110 112 31 7 70 45 67 78 129 58 141 109 66 117 55 132 64 95 50 46 26 122 28 123 62 37 74 79 17 19 56 113 120 63 53 135 92 32 102 16 72 65 130 69 8 36 127 
Cluster 5
225 165 231 237 180 238 243 187 224 244 241 229 255 239 254 227 
Cluster 6
203 314 173 190 183 174 151 175 169 206 150 208 209 177 145 198 196 205 200 202 172 178 182 207 171 154 191 146 185 148 210 184 211 213 197 163 147 176 167 212 186 192 218 170 166 162 199 155 143 189 160 149 216 201 152 181 144 188 168 159 156 158 179 194 193 215 
Cluster 7
240 253 280 279 228 257 222 281 221 282 245 251 230 220 
Cluster 8
219 236 234 226 246 249 256 242 250 195 235 232 233 252 258 248 
--------------------------------
--------------------------------
Resultado Busqueda: 
Desviación general (Tasa_C): 36.1182
Infeasability (Tasa_inf): 95
Agregado: 38.667
Tiempo: 0.158385
Clusters: 
Cluster 1
233 219 256 227 230 252 235 290 236 231 221 257 
Cluster 2
155 206 173 212 214 144 167 197 158 188 216 209 182 165 189 183 153 190 162 192 168 210 208 203 151 193 172 187 201 178 149 145 213 185 152 191 180 207 166 154 186 175 170 179 174 196 150 177 148 157 159 195 215 147 198 217 211 160 163 161 156 176 218 169 146 199 200 143 181 202 
Cluster 3
244 250 234 194 243 184 171 314 205 238 237 242 232 225 258 224 248 239 255 241 246 229 226 254 
Cluster 4
275 278 276 316 268 249 273 261 220 259 331 265 271 
Cluster 5
307 335 328 323 286 296 309 325 315 332 318 327 324 310 326 288 330 313 302 293 334 312 289 304 301 319 298 284 321 308 297 285 311 292 300 333 299 320 305 295 317 303 294 
Cluster 6
291 263 272 329 262 270 287 306 266 322 277 260 264 269 267 
Cluster 7
14 104 16 34 59 3 57 96 115 45 64 89 68 90 117 107 80 8 75 70 31 7 111 11 13 60 10 126 95 43 46 132 18 49 20 72 86 6 123 137 69 53 121 109 28 118 0 140 39 21 22 44 94 78 129 36 133 103 81 79 24 15 1 41 130 40 54 48 38 112 85 119 33 58 2 82 30 71 135 113 55 37 32 116 97 142 92 4 51 124 77 42 19 91 127 63 122 56 25 62 120 105 52 88 50 26 67 110 65 139 128 141 74 98 76 66 9 5 114 93 17 106 102 12 27 47 23 108 73 84 35 138 29 134 61 101 87 131 99 83 100 136 125 
Cluster 8
251 282 164 204 223 281 283 245 279 228 240 247 222 280 253 274 
--------------------------------
--------------------------------
Resultado Busqueda: 
Desviación general (Tasa_C): 36.4367
Infeasability (Tasa_inf): 302
Agregado: 44.5393
Tiempo: 0.112726
Clusters: 
Cluster 1
255 243 250 236 231 244 225 256 245 238 277 252 224 239 246 249 241 226 235 237 228 233 254 230 258 242 227 234 248 
Cluster 2
102 96 61 22 83 300 76 134 5 105 58 125 63 19 97 13 34 290 3 60 111 122 106 16 132 32 57 2 113 65 93 142 121 126 88 11 68 127 99 28 135 31 91 21 54 108 131 92 109 116 38 77 51 70 138 42 87 69 30 44 98 7 82 62 120 14 100 101 89 94 52 43 24 74 40 85 123 55 112 86 39 118 129 78 137 10 130 47 1 41 23 4 67 84 81 71 33 79 27 80 6 119 136 114 95 18 0 139 124 73 45 26 37 48 9 56 8 110 72 128 115 90 117 29 35 53 36 66 
Cluster 3
263 276 278 271 273 267 291 259 262 272 270 266 275 261 269 265 268 264 260 
Cluster 4
240 222 253 229 282 281 280 220 257 279 274 223 221 283 
Cluster 5
176 247 198 195 165 205 251 149 191 188 232 219 186 154 
Cluster 6
172 202 163 140 170 146 143 179 199 217 203 192 206 194 153 162 208 184 147 168 196 180 158 177 213 214 169 190 171 166 151 185 181 173 144 150 183 178 152 197 182 204 201 193 160 155 157 216 189 161 215 159 175 148 187 209 145 174 210 164 207 211 200 218 167 156 212 
Cluster 7
333 293 107 64 25 295 50 133 15 59 104 75 20 49 103 141 17 46 12 304 
Cluster 8
310 289 302 286 284 324 298 323 335 319 303 318 288 292 322 321 327 315 328 332 317 296 307 312 301 287 294 314 326 309 308 331 297 329 334 305 330 325 285 313 306 316 299 311 320 
--------------------------------
RAND20 ----------------
--------------------------------
Resultado Busqueda: 
Desviación general (Tasa_C): 0.757315
Infeasability (Tasa_inf): 0
Agregado: 0.757315
Tiempo: 0.004676
Clusters: 
Cluster 1
32 27 18 35 25 8 1 38 41 19 7 44 11 26 0 29 37 5 48 14 45 10 17 46 40 31 20 13 30 12 39 33 47 4 42 34 23 22 49 3 24 6 15 21 36 28 16 9 2 43 
Cluster 2
59 81 58 57 99 52 90 50 83 84 88 76 94 89 97 74 63 62 60 53 80 93 96 91 86 70 79 51 85 98 61 95 56 77 54 73 68 78 66 72 92 55 71 67 87 82 64 75 69 65 
Cluster 3
110 113 131 123 129 148 105 134 108 130 142 120 104 112 141 117 115 100 121 135 116 144 119 136 118 127 137 133 124 106 103 147 114 143 107 138 128 132 125 109 102 140 111 149 146 139 122 126 145 101 
--------------------------------
--------------------------------
Resultado Busqueda: 
Desviación general (Tasa_C): 0.757315
Infeasability (Tasa_inf): 0
Agregado: 0.757315
Tiempo: 0.004899
Clusters: 
Cluster 1
29 1 12 35 46 33 43 15 24 0 2 6 9 45 17 20 27 14 41 13 8 7 21 4 26 39 44 47 37 38 11 23 10 18 30 32 28 3 25 31 48 49 36 19 42 5 22 16 34 40 
Cluster 2
76 92 61 78 67 69 75 57 50 83 54 90 74 89 84 51 68 79 98 52 85 64 73 62 80 82 93 56 86 99 88 95 94 77 59 60 70 66 55 91 53 63 96 97 58 71 81 65 87 72 
Cluster 3
138 126 123 146 112 128 141 113 145 144 148 134 135 117 118 115 120 130 102 143 104 127 136 140 110 124 132 125 139 114 147 107 109 133 122 129 103 101 121 131 116 149 111 100 105 119 108 106 142 137 
--------------------------------
--------------------------------
Resultado Busqueda: 
Desviación general (Tasa_C): 0.757315
Infeasability (Tasa_inf): 0
Agregado: 0.757315
Tiempo: 0.004756
Clusters: 
Cluster 1
10 36 45 40 41 13 22 49 21 29 12 16 48 18 14 25 42 15 44 6 0 28 27 30 9 20 1 35 19 7 33 2 26 34 17 8 24 43 23 47 11 32 39 37 46 31 3 38 5 4 
Cluster 2
91 83 99 54 78 69 52 55 50 73 61 70 76 66 93 58 53 51 67 56 86 84 87 74 85 94 95 62 98 97 60 92 75 77 68 79 57 63 59 80 72 81 64 89 82 71 90 88 65 96 
Cluster 3
112 105 144 142 101 102 113 132 139 117 134 108 129 123 149 146 104 122 148 126 103 115 109 143 131 140 114 119 107 121 145 106 133 127 125 138 100 111 141 136 137 124 110 135 120 147 118 130 128 116 
--------------------------------
--------------------------------
Resultado Busqueda: 
Desviación general (Tasa_C): 0.757315
Infeasability (Tasa_inf): 0
Agregado: 0.757315
Tiempo: 0.005574
Clusters: 
Cluster 1
40 14 16 34 3 2 23 45 32 47 8 27 31 7 4 17 11 13 10 35 30 43 46 18 49 42 20 6 29 33 5 38 28 25 0 39 21 12 22 44 9 1 37 41 36 26 48 24 19 15 
Cluster 2
67 88 59 83 87 57 96 85 64 89 68 90 80 75 70 65 99 62 92 52 60 66 71 95 84 51 93 72 86 69 91 53 56 54 82 63 97 58 61 94 74 98 78 55 77 76 81 79 73 50 
Cluster 3
104 146 124 138 125 148 115 114 117 119 136 135 144 112 107 116 111 147 126 113 110 127 139 132 100 123 137 106 120 102 108 121 109 134 130 141 118 140 131 143 128 129 133 103 142 101 149 145 105 122 
--------------------------------
--------------------------------
Resultado Busqueda: 
Desviación general (Tasa_C): 0.757315
Infeasability (Tasa_inf): 0
Agregado: 0.757315
Tiempo: 0.005011
Clusters: 
Cluster 1
80 73 89 96 77 62 61 83 76 64 78 72 50 74 55 79 58 63 90 97 66 59 75 56 60 85 95 70 87 54 57 86 92 98 94 65 53 82 93 67 88 81 68 84 91 99 51 71 52 69 
Cluster 2
1 36 39 48 9 7 18 6 22 45 26 25 21 37 5 15 19 13 14 27 34 10 3 20 49 30 16 44 12 32 23 33 2 47 35 0 17 46 40 24 11 43 4 28 8 42 29 41 38 31 
Cluster 3
102 137 130 118 144 109 140 107 116 145 134 146 115 133 143 114 105 125 117 124 101 112 120 108 104 139 111 100 122 149 148 110 103 128 141 106 132 123 119 113 138 147 136 142 121 126 131 127 129 135 
--------------------------------
IRIS20 ----------------
--------------------------------
Resultado Busqueda: 
Desviación general (Tasa_C): 0.669305
Infeasability (Tasa_inf): 0
Agregado: 0.669305
Tiempo: 0.005762
Clusters: 
Cluster 1
59 81 58 57 99 52 90 50 83 84 88 76 94 89 97 74 63 62 60 53 80 93 96 91 86 70 79 51 85 98 61 95 56 77 54 73 68 78 66 72 92 55 71 67 87 82 64 75 69 65 
Cluster 2
110 113 131 123 129 148 105 134 108 130 142 120 104 112 141 117 115 100 121 135 116 144 119 136 118 127 137 133 124 106 103 147 114 143 107 138 128 132 125 109 102 140 111 149 146 139 122 126 145 101 
Cluster 3
32 27 18 35 25 8 1 38 41 19 7 44 11 26 0 29 37 5 48 14 45 10 17 46 40 31 20 13 30 12 39 33 47 4 42 34 23 22 49 3 24 6 15 21 36 28 16 9 2 43 
--------------------------------
--------------------------------
Resultado Busqueda: 
Desviación general (Tasa_C): 0.683281
Infeasability (Tasa_inf): 91
Agregado: 0.971761
Tiempo: 0.008414
Clusters: 
Cluster 1
61 78 146 112 128 141 113 145 144 148 134 135 117 118 115 120 130 102 143 104 127 136 140 110 124 132 125 139 114 147 107 109 133 122 129 103 101 121 131 116 149 111 100 105 119 108 106 142 137 
Cluster 2
29 1 12 35 46 33 43 15 24 0 2 6 9 45 17 20 27 14 41 13 8 7 21 4 26 39 44 47 37 38 11 23 10 18 30 32 28 3 25 31 48 49 36 19 42 5 22 16 34 40 
Cluster 3
138 76 92 126 123 67 69 75 57 50 83 54 90 74 89 84 51 68 79 98 52 85 64 73 62 80 82 93 56 86 99 88 95 94 77 59 60 70 66 55 91 53 63 96 97 58 71 81 65 87 72 
--------------------------------
--------------------------------
Resultado Busqueda: 
Desviación general (Tasa_C): 0.673645
Infeasability (Tasa_inf): 55
Agregado: 0.848001
Tiempo: 0.004994
Clusters: 
Cluster 1
83 112 99 105 144 52 142 101 102 113 132 139 117 134 108 129 123 149 146 104 122 148 126 103 115 109 143 131 140 114 119 107 121 145 106 133 127 125 138 100 111 141 136 137 124 110 135 120 147 118 130 128 116 
Cluster 2
10 36 45 40 41 13 22 49 21 29 12 16 48 18 14 25 42 15 44 6 0 28 27 30 9 20 1 35 19 7 33 2 26 34 17 8 24 43 23 47 11 32 39 37 46 31 3 38 5 4 
Cluster 3
91 54 78 69 55 50 73 61 70 76 66 93 58 53 51 67 56 86 84 87 74 85 94 95 62 98 97 60 92 75 77 68 79 57 63 59 80 72 81 64 89 82 71 90 88 65 96 
--------------------------------
--------------------------------
Resultado Busqueda: 
Desviación general (Tasa_C): 0.668296
Infeasability (Tasa_inf): 17
Agregado: 0.722188
Tiempo: 0.006362
Clusters: 
Cluster 1
40 14 16 34 3 2 23 45 32 47 8 27 31 7 4 17 11 13 10 35 30 43 46 18 49 42 20 6 29 33 5 38 28 25 0 39 21 12 22 44 9 1 37 41 36 26 48 24 19 15 
Cluster 2
104 146 124 138 125 148 83 115 114 117 119 136 135 144 112 107 116 111 147 126 113 110 127 139 132 100 123 137 106 120 102 108 121 109 134 130 141 118 140 131 143 128 129 133 103 142 101 149 145 105 122 
Cluster 3
67 88 59 87 57 96 85 64 89 68 90 80 75 70 65 99 62 92 52 60 66 71 95 84 51 93 72 86 69 91 53 56 54 82 63 97 58 61 94 74 98 78 55 77 76 81 79 73 50 
--------------------------------
--------------------------------
Resultado Busqueda: 
Desviación general (Tasa_C): 0.669305
Infeasability (Tasa_inf): 0
Agregado: 0.669305
Tiempo: 0.00613
Clusters: 
Cluster 1
1 36 39 48 9 7 18 6 22 45 26 25 21 37 5 15 19 13 14 27 34 10 3 20 49 30 16 44 12 32 23 33 2 47 35 0 17 46 40 24 11 43 4 28 8 42 29 41 38 31 
Cluster 2
102 137 130 118 144 109 140 107 116 145 134 146 115 133 143 114 105 125 117 124 101 112 120 108 104 139 111 100 122 149 148 110 103 128 141 106 132 123 119 113 138 147 136 142 121 126 131 127 129 135 
Cluster 3
80 73 89 96 77 62 61 83 76 64 78 72 50 74 55 79 58 63 90 97 66 59 75 56 60 85 95 70 87 54 57 86 92 98 94 65 53 82 93 67 88 81 68 84 91 99 51 71 52 69 
--------------------------------
ECOLI20 ----------------
--------------------------------
Resultado Busqueda: 
Desviación general (Tasa_C): 38.0495
Infeasability (Tasa_inf): 216
Agregado: 40.9471
Tiempo: 0.161047
Clusters: 
Cluster 1
251 161 214 150 274 197 187 211 181 195 183 189 169 159 143 158 206 199 149 146 175 193 204 215 213 217 148 164 185 177 208 196 174 154 176 155 165 212 207 203 145 178 202 160 144 162 180 168 205 218 166 216 151 163 157 147 198 194 190 209 173 179 152 184 200 192 153 171 188 201 172 167 
Cluster 2
131 123 81 57 99 105 285 1 108 38 130 44 90 142 120 104 26 0 112 50 29 88 115 100 62 10 118 40 91 31 86 70 114 51 85 98 13 107 95 12 33 77 138 128 54 73 68 78 23 102 140 72 111 3 24 139 67 21 36 28 16 82 75 69 2 42 74 129 80 18 119 6 14 113 22 135 64 136 25 134 9 60 37 106 125 11 27 55 132 76 66 126 43 71 84 83 116 5 20 32 109 133 41 110 59 89 79 45 47 117 46 48 17 103 101 7 141 137 93 124 15 35 96 34 19 122 49 92 39 4 53 30 127 97 121 63 87 52 65 58 56 61 94 8 
Cluster 3
156 277 220 262 278 265 260 270 259 275 268 273 276 261 263 267 
Cluster 4
253 235 249 293 317 329 182 239 
Cluster 5
191 264 223 266 170 186 210 271 272 221 269 
Cluster 6
327 324 295 319 318 311 306 332 331 309 312 302 289 308 315 301 299 292 322 326 328 333 284 287 297 305 300 303 314 335 310 313 296 316 330 294 321 291 325 298 286 304 334 307 323 320 290 288 
Cluster 7
281 283 240 254 222 282 279 280 
Cluster 8
243 234 230 244 219 225 252 250 232 247 229 237 231 255 258 236 238 248 233 228 242 245 226 257 224 227 246 256 241 
--------------------------------
--------------------------------
Resultado Busqueda: 
Desviación general (Tasa_C): 33.6428
Infeasability (Tasa_inf): 152
Agregado: 35.6819
Tiempo: 0.082381
Clusters: 
Cluster 1
202 208 146 185 163 203 145 174 169 190 157 167 148 170 211 188 205 173 143 159 195 151 212 207 192 165 183 215 200 187 153 201 210 149 176 182 194 189 152 158 199 172 147 198 175 181 204 216 206 214 218 162 197 160 180 177 171 161 178 193 179 168 196 217 219 155 144 166 150 164 191 184 154 213 
Cluster 2
247 46 225 232 228 257 224 237 244 256 250 258 245 226 255 249 242 246 238 236 243 252 239 248 234 253 241 251 227 
Cluster 3
280 282 220 279 222 283 281 
Cluster 4
230 229 235 333 325 233 221 285 
Cluster 5
240 291 302 297 273 334 294 308 310 319 324 300 292 301 309 331 323 293 286 296 329 315 318 304 305 313 299 322 289 328 287 316 284 320 298 327 332 295 335 326 312 330 288 290 317 314 311 307 306 321 
Cluster 6
76 29 92 12 123 69 128 24 83 90 6 134 51 117 118 8 7 79 21 85 127 4 136 39 140 124 38 11 125 80 93 30 56 28 3 86 99 88 94 77 109 66 55 91 122 31 121 131 63 97 5 71 87 34 72 106 137 43 74 47 133 89 50 130 40 138 111 48 0 20 23 82 119 37 96 49 120 81 19 75 115 18 129 114 14 10 102 61 135 62 16 70 103 57 17 35 2 98 73 27 32 9 26 13 44 141 112 53 101 107 126 64 142 67 22 45 116 84 65 110 25 108 68 42 15 36 33 100 58 41 54 59 78 95 60 52 132 1 139 105 113 104 
Cluster 7
209 186 231 254 156 
Cluster 8
260 267 270 303 263 269 264 275 271 259 272 265 278 262 268 223 276 261 274 266 277 
--------------------------------
--------------------------------
Resultado Busqueda: 
Desviación general (Tasa_C): 35.9018
Infeasability (Tasa_inf): 99
Agregado: 37.2299
Tiempo: 0.066841
Clusters: 
Cluster 1
269 274 272 271 270 266 263 278 262 267 265 259 275 277 261 260 268 276 273 264 
Cluster 2
203 161 214 165 314 173 204 180 190 183 217 330 174 151 175 187 169 206 150 208 209 177 145 153 164 198 196 205 200 202 157 172 178 182 207 171 154 191 195 146 185 148 210 184 211 213 197 163 147 176 167 212 186 192 218 170 166 162 199 155 143 189 160 149 216 201 152 181 144 188 168 159 156 158 179 194 193 215 
Cluster 3
299 316 284 303 311 304 290 310 332 257 323 334 313 300 317 321 322 307 294 320 301 331 286 291 302 326 298 296 324 318 305 333 289 325 295 287 308 292 306 319 297 327 329 309 328 335 293 312 285 288 315 
Cluster 4
91 83 99 41 54 105 13 22 52 49 142 12 73 48 61 139 134 108 14 93 25 51 84 104 15 44 87 6 0 27 85 30 126 94 103 20 131 1 35 140 114 33 98 60 119 34 107 24 77 68 23 57 133 125 47 11 138 100 111 136 80 81 82 137 90 124 88 38 5 118 4 128 75 86 9 106 97 101 40 2 3 89 29 10 121 116 42 18 115 21 96 43 59 71 39 76 110 112 31 7 70 45 67 78 129 58 141 109 66 117 55 132 64 95 50 46 26 122 28 123 62 37 74 79 17 19 56 113 120 63 53 135 92 32 102 16 72 65 130 69 8 36 127 
Cluster 5
225 219 231 236 237 234 253 243 224 246 228 249 256 244 241 242 250 235 229 255 232 233 239 252 254 245 251 258 230 248 227 
Cluster 6
240 283 281 282 
Cluster 7
247 238 223 226 
Cluster 8
280 279 222 221 220 
--------------------------------
--------------------------------
Resultado Busqueda: 
Desviación general (Tasa_C): 37.3018
Infeasability (Tasa_inf): 226
Agregado: 40.3336
Tiempo: 0.361679
Clusters: 
Cluster 1
155 251 244 206 212 214 144 167 197 204 158 188 184 171 216 205 209 182 165 189 183 153 190 219 162 192 168 210 208 203 151 193 172 187 201 178 149 145 213 185 152 191 180 207 166 154 186 175 170 179 174 196 150 177 148 157 159 195 215 147 198 217 211 160 163 161 156 176 218 169 146 199 200 143 181 202 
Cluster 2
14 104 16 34 59 57 96 115 45 64 89 68 90 117 107 80 8 75 70 31 7 111 11 13 60 10 126 95 43 46 132 18 49 20 72 86 6 123 137 69 53 121 109 28 118 0 140 39 21 22 44 94 78 129 36 133 103 81 79 24 15 1 41 130 40 54 48 38 112 85 119 33 58 2 82 30 71 135 113 55 37 32 116 97 142 92 4 51 124 77 42 19 91 127 63 122 56 25 62 120 105 52 88 50 26 67 110 65 139 128 141 74 98 76 66 9 5 114 93 17 106 102 12 27 47 23 108 73 84 35 138 29 134 61 101 87 131 99 83 100 136 125 
Cluster 3
282 263 272 281 283 220 266 277 264 222 280 
Cluster 4
173 250 194 245 224 231 221 
Cluster 5
3 307 335 328 323 164 286 296 309 325 329 314 315 332 318 316 287 327 324 310 326 306 288 330 313 302 293 334 322 312 289 331 304 290 301 319 298 284 321 308 297 285 311 292 300 333 299 320 305 295 317 303 294 
Cluster 6
223 278 249 225 228 239 
Cluster 7
291 275 233 243 262 270 237 276 279 227 268 230 273 261 259 265 260 269 271 267 274 
Cluster 8
234 238 242 256 232 258 248 252 255 241 246 235 229 226 240 247 236 254 257 253 
--------------------------------
--------------------------------
Resultado Busqueda: 
Desviación general (Tasa_C): 33.4517
Infeasability (Tasa_inf): 248
Agregado: 36.7786
Tiempo: 0.209769
Clusters: 
Cluster 1
255 240 243 250 236 247 229 231 244 251 225 232 256 245 257 238 252 224 239 246 249 241 226 235 237 228 233 254 230 258 242 227 234 248 
Cluster 2
172 202 176 163 198 195 170 146 165 143 179 205 199 217 203 149 191 192 206 194 188 153 162 219 208 184 147 168 196 180 158 186 177 213 214 169 190 154 171 166 151 185 181 173 144 150 183 178 152 197 182 204 201 193 160 155 157 216 189 161 215 159 175 148 187 209 145 174 210 164 207 211 200 218 167 156 212 
Cluster 3
222 253 282 281 280 220 279 283 
Cluster 4
263 276 278 271 273 267 259 262 277 272 270 266 275 261 269 274 265 268 264 260 
Cluster 5
333 293 96 107 22 300 
Cluster 6
102 76 134 64 50 133 5 105 58 125 63 19 97 13 59 34 3 104 75 20 60 111 49 122 103 141 106 16 132 32 57 2 113 17 46 65 93 142 121 126 88 11 68 127 99 28 135 31 91 21 54 108 131 12 92 109 116 38 77 51 70 138 42 87 69 30 44 98 7 82 62 120 14 100 101 89 94 52 43 24 74 40 85 123 55 112 86 39 118 129 78 137 10 130 47 1 41 23 4 67 84 81 71 33 79 27 80 6 119 136 114 95 18 0 139 124 73 45 26 37 48 9 56 8 110 72 128 115 90 117 29 35 53 36 66 
Cluster 7
140 61 83 25 15 223 221 
Cluster 8
310 289 302 286 295 284 324 298 323 335 319 290 303 318 288 291 292 322 321 327 315 328 332 317 296 307 312 301 287 304 294 314 326 309 308 331 297 329 334 305 330 325 285 313 306 316 299 311 320 
--------------------------------
