RAND10 ----------------
--------------------------------
Resultado Busqueda: 
Desviación general (Tasa_C): 0.757315
Infeasability (Tasa_inf): 0
Agregado: 0.757315
Tiempo: 0.12091
Clusters: 
Cluster 1
0 1 2 7 8 14 19 20 21 22 24 27 28 29 30 31 37 39 40 41 42 15 11 46 18 32 35 13 3 25 6 47 33 23 9 12 44 16 48 43 36 45 10 17 49 38 26 5 34 4 
Cluster 2
103 107 112 114 116 120 121 124 128 129 136 137 140 142 143 147 113 108 104 123 139 122 144 134 133 119 149 101 141 126 118 145 132 115 100 125 117 106 105 111 130 148 110 146 131 135 138 127 102 109 
Cluster 3
50 51 53 56 61 65 71 73 74 82 84 88 91 95 96 93 77 92 94 98 80 89 85 67 52 66 76 68 81 75 60 62 97 87 54 83 79 64 78 58 99 63 86 90 57 59 55 72 69 70 
--------------------------------
--------------------------------
Resultado Busqueda: 
Desviación general (Tasa_C): 0.757315
Infeasability (Tasa_inf): 0
Agregado: 0.757315
Tiempo: 0.124173
Clusters: 
Cluster 1
0 11 14 15 16 19 27 28 31 33 34 39 40 43 46 47 23 37 30 5 17 41 20 1 35 13 36 3 4 10 21 24 49 6 48 25 44 45 38 7 32 42 26 8 9 2 29 22 12 18 
Cluster 2
51 53 54 62 65 68 70 71 81 82 85 87 94 98 59 99 63 61 75 95 97 72 93 83 67 66 52 79 50 55 84 74 78 86 92 60 90 56 69 57 96 73 88 91 58 76 89 77 80 64 
Cluster 3
100 101 107 110 113 117 120 123 124 137 139 140 142 144 132 116 103 115 106 146 121 112 136 122 114 143 126 134 149 141 108 128 119 125 102 138 111 147 127 104 135 133 131 105 109 118 130 148 145 129 
--------------------------------
--------------------------------
Resultado Busqueda: 
Desviación general (Tasa_C): 0.757315
Infeasability (Tasa_inf): 0
Agregado: 0.757315
Tiempo: 0.116041
Clusters: 
Cluster 1
102 108 112 114 117 119 125 126 146 142 103 120 148 123 100 106 107 141 127 101 135 104 132 122 118 136 105 140 131 137 116 110 129 109 113 138 145 124 134 149 111 143 139 144 147 133 115 121 128 130 
Cluster 2
50 51 52 57 64 65 66 70 77 88 90 98 58 74 79 63 89 91 69 83 78 54 82 99 92 61 67 85 68 60 87 93 55 72 95 56 73 84 86 71 75 80 94 76 59 53 62 81 97 96 
Cluster 3
3 4 9 15 17 18 21 22 25 26 27 30 33 44 41 48 36 37 12 11 10 35 42 0 6 45 20 16 2 40 23 28 39 13 47 7 5 32 38 46 1 29 19 49 24 43 8 31 14 34 
--------------------------------
--------------------------------
Resultado Busqueda: 
Desviación general (Tasa_C): 0.757315
Infeasability (Tasa_inf): 0
Agregado: 0.757315
Tiempo: 0.127184
Clusters: 
Cluster 1
101 103 104 107 108 111 112 113 114 115 121 122 125 131 138 143 145 128 105 123 106 148 126 109 140 120 137 119 146 149 135 144 117 124 141 142 102 136 139 133 129 127 147 132 118 134 116 100 110 130 
Cluster 2
50 53 59 64 67 68 70 72 78 84 86 88 89 93 94 95 97 55 57 76 63 60 54 71 91 66 62 80 79 85 73 69 87 96 90 75 99 74 51 56 92 98 82 52 77 83 81 65 58 61 
Cluster 3
3 4 12 20 29 35 39 41 44 46 47 48 32 30 42 1 9 14 37 27 49 31 26 6 11 10 5 36 33 22 16 13 23 0 45 25 38 7 8 19 28 43 15 21 18 24 34 17 40 2 
--------------------------------
--------------------------------
Resultado Busqueda: 
Desviación general (Tasa_C): 0.757315
Infeasability (Tasa_inf): 0
Agregado: 0.757315
Tiempo: 0.108511
Clusters: 
Cluster 1
51 53 54 56 58 66 70 71 73 74 78 82 85 86 87 69 95 92 57 81 97 90 93 94 77 98 52 62 55 79 75 67 96 59 83 76 61 72 63 50 99 84 89 91 68 80 60 88 64 65 
Cluster 2
2 4 7 8 9 10 16 17 21 22 29 31 36 37 43 46 47 48 25 24 6 42 44 35 28 41 20 3 14 15 13 45 12 49 38 19 27 40 23 18 33 39 30 26 1 5 0 11 34 32 
Cluster 3
101 104 108 109 110 118 119 120 121 122 131 133 141 148 134 105 107 139 111 115 116 136 143 113 102 112 132 129 126 137 147 144 100 124 149 135 130 142 123 106 128 146 125 145 114 140 127 103 138 117 
--------------------------------
IRIS10 ----------------
--------------------------------
Resultado Busqueda: 
Desviación general (Tasa_C): 0.669305
Infeasability (Tasa_inf): 0
Agregado: 0.669305
Tiempo: 0.1355
Clusters: 
Cluster 1
0 1 2 7 8 14 19 20 21 22 24 26 27 28 29 30 31 37 39 40 41 42 15 11 46 32 16 9 13 3 25 6 33 18 23 12 44 48 47 43 35 36 10 17 38 49 45 34 4 5 
Cluster 2
103 107 112 116 120 124 128 129 136 137 138 140 142 143 147 115 105 139 104 123 119 121 122 144 145 130 125 134 101 118 110 108 100 149 126 109 117 114 148 111 132 106 135 141 113 131 133 102 146 127 
Cluster 3
50 51 53 56 61 73 78 82 84 86 88 91 95 87 77 70 97 57 92 58 76 98 67 63 94 65 85 93 79 64 68 81 59 75 71 60 74 62 54 55 83 66 89 52 99 96 72 90 69 80 
--------------------------------
--------------------------------
Resultado Busqueda: 
Desviación general (Tasa_C): 0.669305
Infeasability (Tasa_inf): 0
Agregado: 0.669305
Tiempo: 0.142272
Clusters: 
Cluster 1
106 109 111 118 121 122 126 127 131 133 134 135 148 130 147 136 142 113 105 138 143 128 114 149 110 100 115 108 144 145 129 139 116 104 112 102 119 123 101 107 124 132 141 137 117 146 125 120 140 103 
Cluster 2
51 53 54 64 68 70 71 72 82 85 87 98 59 99 63 61 60 97 80 73 67 66 62 81 56 76 78 58 86 57 88 74 69 96 65 90 92 91 95 84 75 79 83 93 50 55 77 94 89 52 
Cluster 3
2 3 4 7 9 17 20 22 24 25 26 29 30 35 37 38 42 44 48 36 1 11 12 23 0 10 34 46 21 6 19 43 13 14 28 18 15 33 8 31 5 41 32 27 47 16 40 39 45 49 
--------------------------------
--------------------------------
Resultado Busqueda: 
Desviación general (Tasa_C): 0.669305
Infeasability (Tasa_inf): 0
Agregado: 0.669305
Tiempo: 0.149379
Clusters: 
Cluster 1
55 61 62 81 85 89 95 96 98 67 76 91 52 78 92 86 88 65 53 59 73 77 83 50 58 56 75 74 90 64 69 60 79 57 87 93 71 80 94 72 66 99 82 68 51 70 97 63 54 84 
Cluster 2
2 5 6 10 11 12 13 14 19 24 28 29 31 35 40 43 46 48 23 7 16 20 0 45 49 36 15 39 30 27 8 44 18 26 37 34 25 9 38 42 4 17 3 22 32 47 1 21 33 41 
Cluster 3
100 105 111 115 118 121 124 127 128 132 137 144 147 129 113 138 102 123 107 136 125 126 106 145 140 142 139 143 146 119 101 130 120 103 104 134 110 122 114 109 135 117 149 108 112 148 131 116 133 141 
--------------------------------
--------------------------------
Resultado Busqueda: 
Desviación general (Tasa_C): 0.669305
Infeasability (Tasa_inf): 0
Agregado: 0.669305
Tiempo: 0.135459
Clusters: 
Cluster 1
100 101 102 103 104 107 108 111 112 113 115 121 122 127 130 131 137 138 143 145 128 139 105 141 123 148 119 116 142 118 109 125 120 140 117 114 146 133 149 135 144 124 126 106 132 129 136 147 134 110 
Cluster 2
1 6 9 13 14 16 21 22 23 24 26 27 28 36 38 49 29 45 5 20 30 0 25 47 7 31 41 18 39 4 17 33 44 42 35 12 34 40 46 48 15 2 32 11 10 19 3 37 8 43 
Cluster 3
54 56 60 62 65 71 74 75 81 85 87 90 96 77 91 97 94 84 66 55 98 61 64 92 78 51 89 83 50 68 69 93 95 59 82 53 67 80 52 57 58 88 63 70 79 99 86 76 72 73 
--------------------------------
--------------------------------
Resultado Busqueda: 
Desviación general (Tasa_C): 0.669305
Infeasability (Tasa_inf): 0
Agregado: 0.669305
Tiempo: 0.17518
Clusters: 
Cluster 1
51 54 58 66 70 71 73 74 78 85 86 87 91 69 95 57 59 56 75 97 84 81 63 55 62 79 76 50 72 96 88 89 83 90 67 80 98 61 53 68 65 77 94 64 60 92 99 52 82 93 
Cluster 2
2 4 7 8 10 16 17 18 21 22 29 31 36 37 43 46 47 48 25 42 27 12 33 44 26 35 41 38 24 14 20 15 13 32 5 19 45 9 23 3 34 40 0 11 49 30 28 1 39 6 
Cluster 3
101 108 109 110 118 119 120 121 131 133 146 127 149 129 115 113 116 130 143 136 126 124 117 112 111 137 147 144 105 103 142 107 125 114 135 123 134 104 145 140 132 122 106 138 141 148 139 128 100 102 
--------------------------------
ECOLI10 ----------------
--------------------------------
Resultado Busqueda: 
Desviación general (Tasa_C): 21.2751
Infeasability (Tasa_inf): 58
Agregado: 22.8312
Tiempo: 5.74075
Clusters: 
Cluster 1
266 
Cluster 2
263 276 272 269 277 260 259 271 267 275 268 270 265 262 
Cluster 3
279 
Cluster 4
233 280 282 257 252 256 223 235 236 246 248 250 237 228 227 229 258 230 232 253 224 244 254 241 221 255 245 251 240 231 225 242 247 239 234 226 249 238 243 
Cluster 5
151 176 195 199 210 211 193 198 167 209 218 154 181 192 169 197 185 149 161 187 175 146 158 206 194 219 196 188 160 190 213 159 153 200 171 173 204 208 178 155 166 184 203 170 168 164 177 165 205 216 156 180 150 186 143 174 191 157 152 148 182 179 172 214 147 215 144 217 212 189 163 162 207 274 145 264 183 201 202 
Cluster 6
286 315 322 331 292 303 305 285 321 295 284 306 312 297 330 299 289 316 310 320 296 311 283 298 317 328 313 327 329 325 273 293 308 333 304 302 318 288 290 326 323 324 309 287 291 319 278 332 261 307 314 222 335 301 334 294 220 300 
Cluster 7
11 33 34 51 61 86 125 80 59 142 110 53 102 10 68 115 92 93 124 119 58 91 24 13 19 3 1 12 40 95 103 138 98 70 26 127 136 15 47 113 43 101 81 107 41 39 45 67 14 109 17 122 35 117 5 49 65 20 77 71 94 130 64 84 141 63 104 27 18 30 76 0 108 139 87 72 69 48 46 21 82 140 7 123 129 114 2 29 9 38 32 88 137 118 50 60 16 54 42 106 133 55 90 135 44 105 56 31 62 121 128 28 120 25 116 111 89 75 74 131 37 22 52 83 134 36 100 79 57 73 85 112 78 4 132 97 99 23 96 8 126 6 66 
Cluster 8
281 
--------------------------------
--------------------------------
Resultado Busqueda: 
Desviación general (Tasa_C): 21.8013
Infeasability (Tasa_inf): 31
Agregado: 22.6331
Tiempo: 5.42199
Clusters: 
Cluster 1
226 229 231 234 237 241 238 239 227 255 224 244 235 243 258 232 254 236 252 248 250 225 246 233 221 242 251 256 230 223 253 257 240 245 228 247 249 
Cluster 2
1 27 28 39 46 59 75 93 118 121 127 131 52 120 32 2 53 112 71 88 49 90 8 91 73 60 117 108 130 135 114 119 128 20 67 26 105 61 113 106 109 133 68 101 9 110 7 4 77 78 74 6 54 66 14 94 37 5 72 48 141 19 23 42 50 85 81 137 16 107 65 92 100 139 30 123 84 134 124 104 44 51 41 21 56 63 45 76 0 136 83 95 3 80 62 29 25 142 22 57 125 86 43 70 15 99 89 129 13 64 87 102 97 17 69 138 38 47 103 55 122 58 132 116 111 140 11 12 35 40 36 18 31 24 79 33 10 115 82 126 34 96 98 
Cluster 3
148 158 166 202 208 215 169 184 161 207 209 165 200 167 188 179 149 183 173 163 211 203 185 177 170 196 152 216 217 154 157 155 198 151 189 172 153 181 146 147 195 219 214 144 168 194 178 218 192 174 180 204 171 190 205 162 145 206 156 197 182 160 191 193 187 212 143 213 176 186 150 201 175 199 159 210 164 274 
Cluster 4
280 
Cluster 5
222 
Cluster 6
264 
Cluster 7
302 309 332 293 326 305 310 308 324 284 290 295 288 313 317 306 325 285 299 304 322 307 333 329 321 298 327 335 330 318 314 303 301 292 316 328 289 334 279 319 320 294 312 331 323 297 281 296 311 286 300 283 315 291 282 287 
Cluster 8
269 262 272 268 220 275 266 277 270 273 263 265 260 278 276 261 271 259 267 
--------------------------------
--------------------------------
