--------------------------------
Resultado Busqueda: 
Desviación general (Tasa_C): 21.0888
Infeasability (Tasa_inf): 66
Agregado: 22.8596
Tiempo: 5.31952
Clusters: 
Cluster 1
256 227 228 251 230 245 231 239 249 232 246 258 254 257 248 233 226 234 236 238 250 235 223 255 240 244 252 243 229 237 241 224 225 242 
Cluster 2
302 303 311 312 294 323 334 297 322 307 305 296 317 308 321 281 306 320 314 286 309 327 326 310 301 288 292 285 284 316 295 313 335 289 315 304 298 261 330 222 324 332 325 290 293 291 283 287 333 318 299 331 328 329 300 319 220 278 273 279 
Cluster 3
221 
Cluster 4
145 162 181 182 198 209 210 216 218 219 168 176 178 202 169 151 187 211 170 172 207 159 206 155 200 147 174 194 148 213 196 192 188 154 146 166 150 175 143 165 152 195 185 199 197 160 190 205 158 215 163 183 153 144 161 189 173 204 203 217 180 164 184 208 157 156 214 167 179 201 177 212 171 193 186 149 264 191 282 247 274 
Cluster 5
280 
Cluster 6
11 20 48 55 57 62 74 86 91 98 102 128 129 130 131 134 135 137 138 139 124 60 29 118 108 123 6 28 133 112 113 65 114 43 54 105 61 27 70 0 119 24 81 85 37 42 106 127 2 19 125 15 34 111 109 13 59 87 72 58 4 96 141 115 8 132 69 92 107 35 110 76 63 93 40 49 44 75 140 3 142 95 23 97 9 83 89 56 50 5 64 73 45 26 90 121 103 10 17 77 101 47 1 22 32 99 25 82 16 52 12 31 136 38 94 39 84 46 100 104 66 18 120 33 117 7 36 122 116 68 14 67 71 51 41 21 79 30 78 88 126 53 80 
Cluster 7
268 275 267 271 266 269 277 270 276 260 265 259 263 262 272 
Cluster 8
253 
--------------------------------
